パス 44 で交換が発生しなかったため、ソート完了と判断して終了します。
手元のトランプを並べ替えるときのように、未ソート部分から要素を一つずつ取り出し、ソート済み部分の適切な位置に挿入していくアルゴリズムです。
  A["未ソート部分から1つ要素を取り出す"] --> B{"ソート済み部分の末尾から比較"}
  B -->|"取り出した要素より大きい"| C["要素を右にずらす"]
  B -->|"取り出した要素以下"| D["その位置に挿入"]
  C -->|"前へ"| B
  D --> E{"すべての要素を処理したか"}
  E -->|"Yes"| F["ソート完了"]
### 挿入ソートの詳細トレース
要素数50のランダムな配列に対して挿入ソートを実行した際の、各要素挿入後の配列の状態を示します。左側のソート済み部分が徐々に拡大していく様子を確認できます。
**ステップ 1 (要素 29 を挿入後)**: `[29, 97, 43, 96, 91, 22, 51, 83, 31, 13, 62, 62, 19, 23, 26, 50, 70, 84, 67, 62, 36, 35, 50, 90, 97, 52, 52, 64, 21, 90, 76, 72, 61, 20, 36, 83, 41, 14, 35, 22, 20, 34, 42, 98, 46, 49, 98, 42, 30, 89]`
挿入ソートは、すでにソートされている配列に対しては $\text{O}(n)$ の時間で完了するという優れた特性を持っています。データ量が少ない場合や、大部分がソート済みのデータに対しては、定数倍のオーバーヘッドが小さいため、クイックソートやマージソートよりも高速に動作することがよくあります。この特性を活かし、多くの標準ライブラリ（PythonのTimSortなど）では、再帰の末端などのデータサイズが小さい場面で挿入ソートに切り替えるハイブリッドアプローチが採用されています。
**ステップ 2 (要素 43 を挿入後)**: `[29, 43, 97, 96, 91, 22, 51, 83, 31, 13, 62, 62, 19, 23, 26, 50, 70, 84, 67, 62, 36, 35, 50, 90, 97, 52, 52, 64, 21, 90, 76, 72, 61, 20, 36, 83, 41, 14, 35, 22, 20, 34, 42, 98, 46, 49, 98, 42, 30, 89]`
**ステップ 3 (要素 96 を挿入後)**: `[29, 43, 96, 97, 91, 22, 51, 83, 31, 13, 62, 62, 19, 23, 26, 50, 70, 84, 67, 62, 36, 35, 50, 90, 97, 52, 52, 64, 21, 90, 76, 72, 61, 20, 36, 83, 41, 14, 35, 22, 20, 34, 42, 98, 46, 49, 98, 42, 30, 89]`
**ステップ 4 (要素 91 を挿入後)**: `[29, 43, 91, 96, 97, 22, 51, 83, 31, 13, 62, 62, 19, 23, 26, 50, 70, 84, 67, 62, 36, 35, 50, 90, 97, 52, 52, 64, 21, 90, 76, 72, 61, 20, 36, 83, 41, 14, 35, 22, 20, 34, 42, 98, 46, 49, 98, 42, 30, 89]`
**ステップ 5 (要素 22 を挿入後)**: `[22, 29, 43, 91, 96, 97, 51, 83, 31, 13, 62, 62, 19, 23, 26, 50, 70, 84, 67, 62, 36, 35, 50, 90, 97, 52, 52, 64, 21, 90, 76, 72, 61, 20, 36, 83, 41, 14, 35, 22, 20, 34, 42, 98, 46, 49, 98, 42, 30, 89]`
**ステップ 6 (要素 51 を挿入後)**: `[22, 29, 43, 51, 91, 96, 97, 83, 31, 13, 62, 62, 19, 23, 26, 50, 70, 84, 67, 62, 36, 35, 50, 90, 97, 52, 52, 64, 21, 90, 76, 72, 61, 20, 36, 83, 41, 14, 35, 22, 20, 34, 42, 98, 46, 49, 98, 42, 30, 89]`
**ステップ 7 (要素 83 を挿入後)**: `[22, 29, 43, 51, 83, 91, 96, 97, 31, 13, 62, 62, 19, 23, 26, 50, 70, 84, 67, 62, 36, 35, 50, 90, 97, 52, 52, 64, 21, 90, 76, 72, 61, 20, 36, 83, 41, 14, 35, 22, 20, 34, 42, 98, 46, 49, 98, 42, 30, 89]`
**ステップ 8 (要素 31 を挿入後)**: `[22, 29, 31, 43, 51, 83, 91, 96, 97, 13, 62, 62, 19, 23, 26, 50, 70, 84, 67, 62, 36, 35, 50, 90, 97, 52, 52, 64, 21, 90, 76, 72, 61, 20, 36, 83, 41, 14, 35, 22, 20, 34, 42, 98, 46, 49, 98, 42, 30, 89]`
**ステップ 9 (要素 13 を挿入後)**: `[13, 22, 29, 31, 43, 51, 83, 91, 96, 97, 62, 62, 19, 23, 26, 50, 70, 84, 67, 62, 36, 35, 50, 90, 97, 52, 52, 64, 21, 90, 76, 72, 61, 20, 36, 83, 41, 14, 35, 22, 20, 34, 42, 98, 46, 49, 98, 42, 30, 89]`
**ステップ 10 (要素 62 を挿入後)**: `[13, 22, 29, 31, 43, 51, 62, 83, 91, 96, 97, 62, 19, 23, 26, 50, 70, 84, 67, 62, 36, 35, 50, 90, 97, 52, 52, 64, 21, 90, 76, 72, 61, 20, 36, 83, 41, 14, 35, 22, 20, 34, 42, 98, 46, 49, 98, 42, 30, 89]`
**ステップ 11 (要素 62 を挿入後)**: `[13, 22, 29, 31, 43, 51, 62, 62, 83, 91, 96, 97, 19, 23, 26, 50, 70, 84, 67, 62, 36, 35, 50, 90, 97, 52, 52, 64, 21, 90, 76, 72, 61, 20, 36, 83, 41, 14, 35, 22, 20, 34, 42, 98, 46, 49, 98, 42, 30, 89]`
**ステップ 12 (要素 19 を挿入後)**: `[13, 19, 22, 29, 31, 43, 51, 62, 62, 83, 91, 96, 97, 23, 26, 50, 70, 84, 67, 62, 36, 35, 50, 90, 97, 52, 52, 64, 21, 90, 76, 72, 61, 20, 36, 83, 41, 14, 35, 22, 20, 34, 42, 98, 46, 49, 98, 42, 30, 89]`
**ステップ 13 (要素 23 を挿入後)**: `[13, 19, 22, 23, 29, 31, 43, 51, 62, 62, 83, 91, 96, 97, 26, 50, 70, 84, 67, 62, 36, 35, 50, 90, 97, 52, 52, 64, 21, 90, 76, 72, 61, 20, 36, 83, 41, 14, 35, 22, 20, 34, 42, 98, 46, 49, 98, 42, 30, 89]`
**ステップ 14 (要素 26 を挿入後)**: `[13, 19, 22, 23, 26, 29, 31, 43, 51, 62, 62, 83, 91, 96, 97, 50, 70, 84, 67, 62, 36, 35, 50, 90, 97, 52, 52, 64, 21, 90, 76, 72, 61, 20, 36, 83, 41, 14, 35, 22, 20, 34, 42, 98, 46, 49, 98, 42, 30, 89]`
**ステップ 15 (要素 50 を挿入後)**: `[13, 19, 22, 23, 26, 29, 31, 43, 50, 51, 62, 62, 83, 91, 96, 97, 70, 84, 67, 62, 36, 35, 50, 90, 97, 52, 52, 64, 21, 90, 76, 72, 61, 20, 36, 83, 41, 14, 35, 22, 20, 34, 42, 98, 46, 49, 98, 42, 30, 89]`
**ステップ 16 (要素 70 を挿入後)**: `[13, 19, 22, 23, 26, 29, 31, 43, 50, 51, 62, 62, 70, 83, 91, 96, 97, 84, 67, 62, 36, 35, 50, 90, 97, 52, 52, 64, 21, 90, 76, 72, 61, 20, 36, 83, 41, 14, 35, 22, 20, 34, 42, 98, 46, 49, 98, 42, 30, 89]`
**ステップ 17 (要素 84 を挿入後)**: `[13, 19, 22, 23, 26, 29, 31, 43, 50, 51, 62, 62, 70, 83, 84, 91, 96, 97, 67, 62, 36, 35, 50, 90, 97, 52, 52, 64, 21, 90, 76, 72, 61, 20, 36, 83, 41, 14, 35, 22, 20, 34, 42, 98, 46, 49, 98, 42, 30, 89]`
**ステップ 18 (要素 67 を挿入後)**: `[13, 19, 22, 23, 26, 29, 31, 43, 50, 51, 62, 62, 67, 70, 83, 84, 91, 96, 97, 62, 36, 35, 50, 90, 97, 52, 52, 64, 21, 90, 76, 72, 61, 20, 36, 83, 41, 14, 35, 22, 20, 34, 42, 98, 46, 49, 98, 42, 30, 89]`
**ステップ 19 (要素 62 を挿入後)**: `[13, 19, 22, 23, 26, 29, 31, 43, 50, 51, 62, 62, 62, 67, 70, 83, 84, 91, 96, 97, 36, 35, 50, 90, 97, 52, 52, 64, 21, 90, 76, 72, 61, 20, 36, 83, 41, 14, 35, 22, 20, 34, 42, 98, 46, 49, 98, 42, 30, 89]`
**ステップ 20 (要素 36 を挿入後)**: `[13, 19, 22, 23, 26, 29, 31, 36, 43, 50, 51, 62, 62, 62, 67, 70, 83, 84, 91, 96, 97, 35, 50, 90, 97, 52, 52, 64, 21, 90, 76, 72, 61, 20, 36, 83, 41, 14, 35, 22, 20, 34, 42, 98, 46, 49, 98, 42, 30, 89]`
**ステップ 21 (要素 35 を挿入後)**: `[13, 19, 22, 23, 26, 29, 31, 35, 36, 43, 50, 51, 62, 62, 62, 67, 70, 83, 84, 91, 96, 97, 50, 90, 97, 52, 52, 64, 21, 90, 76, 72, 61, 20, 36, 83, 41, 14, 35, 22, 20, 34, 42, 98, 46, 49, 98, 42, 30, 89]`
**ステップ 22 (要素 50 を挿入後)**: `[13, 19, 22, 23, 26, 29, 31, 35, 36, 43, 50, 50, 51, 62, 62, 62, 67, 70, 83, 84, 91, 96, 97, 90, 97, 52, 52, 64, 21, 90, 76, 72, 61, 20, 36, 83, 41, 14, 35, 22, 20, 34, 42, 98, 46, 49, 98, 42, 30, 89]`
**ステップ 23 (要素 90 を挿入後)**: `[13, 19, 22, 23, 26, 29, 31, 35, 36, 43, 50, 50, 51, 62, 62, 62, 67, 70, 83, 84, 90, 91, 96, 97, 97, 52, 52, 64, 21, 90, 76, 72, 61, 20, 36, 83, 41, 14, 35, 22, 20, 34, 42, 98, 46, 49, 98, 42, 30, 89]`
**ステップ 24 (要素 97 を挿入後)**: `[13, 19, 22, 23, 26, 29, 31, 35, 36, 43, 50, 50, 51, 62, 62, 62, 67, 70, 83, 84, 90, 91, 96, 97, 97, 52, 52, 64, 21, 90, 76, 72, 61, 20, 36, 83, 41, 14, 35, 22, 20, 34, 42, 98, 46, 49, 98, 42, 30, 89]`
**ステップ 25 (要素 52 を挿入後)**: `[13, 19, 22, 23, 26, 29, 31, 35, 36, 43, 50, 50, 51, 52, 62, 62, 62, 67, 70, 83, 84, 90, 91, 96, 97, 97, 52, 64, 21, 90, 76, 72, 61, 20, 36, 83, 41, 14, 35, 22, 20, 34, 42, 98, 46, 49, 98, 42, 30, 89]`
**ステップ 26 (要素 52 を挿入後)**: `[13, 19, 22, 23, 26, 29, 31, 35, 36, 43, 50, 50, 51, 52, 52, 62, 62, 62, 67, 70, 83, 84, 90, 91, 96, 97, 97, 64, 21, 90, 76, 72, 61, 20, 36, 83, 41, 14, 35, 22, 20, 34, 42, 98, 46, 49, 98, 42, 30, 89]`
**ステップ 27 (要素 64 を挿入後)**: `[13, 19, 22, 23, 26, 29, 31, 35, 36, 43, 50, 50, 51, 52, 52, 62, 62, 62, 64, 67, 70, 83, 84, 90, 91, 96, 97, 97, 21, 90, 76, 72, 61, 20, 36, 83, 41, 14, 35, 22, 20, 34, 42, 98, 46, 49, 98, 42, 30, 89]`
**ステップ 28 (要素 21 を挿入後)**: `[13, 19, 21, 22, 23, 26, 29, 31, 35, 36, 43, 50, 50, 51, 52, 52, 62, 62, 62, 64, 67, 70, 83, 84, 90, 91, 96, 97, 97, 90, 76, 72, 61, 20, 36, 83, 41, 14, 35, 22, 20, 34, 42, 98, 46, 49, 98, 42, 30, 89]`
**ステップ 29 (要素 90 を挿入後)**: `[13, 19, 21, 22, 23, 26, 29, 31, 35, 36, 43, 50, 50, 51, 52, 52, 62, 62, 62, 64, 67, 70, 83, 84, 90, 90, 91, 96, 97, 97, 76, 72, 61, 20, 36, 83, 41, 14, 35, 22, 20, 34, 42, 98, 46, 49, 98, 42, 30, 89]`
**ステップ 30 (要素 76 を挿入後)**: `[13, 19, 21, 22, 23, 26, 29, 31, 35, 36, 43, 50, 50, 51, 52, 52, 62, 62, 62, 64, 67, 70, 76, 83, 84, 90, 90, 91, 96, 97, 97, 72, 61, 20, 36, 83, 41, 14, 35, 22, 20, 34, 42, 98, 46, 49, 98, 42, 30, 89]`
**ステップ 31 (要素 72 を挿入後)**: `[13, 19, 21, 22, 23, 26, 29, 31, 35, 36, 43, 50, 50, 51, 52, 52, 62, 62, 62, 64, 67, 70, 72, 76, 83, 84, 90, 90, 91, 96, 97, 97, 61, 20, 36, 83, 41, 14, 35, 22, 20, 34, 42, 98, 46, 49, 98, 42, 30, 89]`
**ステップ 32 (要素 61 を挿入後)**: `[13, 19, 21, 22, 23, 26, 29, 31, 35, 36, 43, 50, 50, 51, 52, 52, 61, 62, 62, 62, 64, 67, 70, 72, 76, 83, 84, 90, 90, 91, 96, 97, 97, 20, 36, 83, 41, 14, 35, 22, 20, 34, 42, 98, 46, 49, 98, 42, 30, 89]`
**ステップ 33 (要素 20 を挿入後)**: `[13, 19, 20, 21, 22, 23, 26, 29, 31, 35, 36, 43, 50, 50, 51, 52, 52, 61, 62, 62, 62, 64, 67, 70, 72, 76, 83, 84, 90, 90, 91, 96, 97, 97, 36, 83, 41, 14, 35, 22, 20, 34, 42, 98, 46, 49, 98, 42, 30, 89]`
**ステップ 34 (要素 36 を挿入後)**: `[13, 19, 20, 21, 22, 23, 26, 29, 31, 35, 36, 36, 43, 50, 50, 51, 52, 52, 61, 62, 62, 62, 64, 67, 70, 72, 76, 83, 84, 90, 90, 91, 96, 97, 97, 83, 41, 14, 35, 22, 20, 34, 42, 98, 46, 49, 98, 42, 30, 89]`
**ステップ 35 (要素 83 を挿入後)**: `[13, 19, 20, 21, 22, 23, 26, 29, 31, 35, 36, 36, 43, 50, 50, 51, 52, 52, 61, 62, 62, 62, 64, 67, 70, 72, 76, 83, 83, 84, 90, 90, 91, 96, 97, 97, 41, 14, 35, 22, 20, 34, 42, 98, 46, 49, 98, 42, 30, 89]`
**ステップ 36 (要素 41 を挿入後)**: `[13, 19, 20, 21, 22, 23, 26, 29, 31, 35, 36, 36, 41, 43, 50, 50, 51, 52, 52, 61, 62, 62, 62, 64, 67, 70, 72, 76, 83, 83, 84, 90, 90, 91, 96, 97, 97, 14, 35, 22, 20, 34, 42, 98, 46, 49, 98, 42, 30, 89]`
**ステップ 37 (要素 14 を挿入後)**: `[13, 14, 19, 20, 21, 22, 23, 26, 29, 31, 35, 36, 36, 41, 43, 50, 50, 51, 52, 52, 61, 62, 62, 62, 64, 67, 70, 72, 76, 83, 83, 84, 90, 90, 91, 96, 97, 97, 35, 22, 20, 34, 42, 98, 46, 49, 98, 42, 30, 89]`
**ステップ 38 (要素 35 を挿入後)**: `[13, 14, 19, 20, 21, 22, 23, 26, 29, 31, 35, 35, 36, 36, 41, 43, 50, 50, 51, 52, 52, 61, 62, 62, 62, 64, 67, 70, 72, 76, 83, 83, 84, 90, 90, 91, 96, 97, 97, 22, 20, 34, 42, 98, 46, 49, 98, 42, 30, 89]`
**ステップ 39 (要素 22 を挿入後)**: `[13, 14, 19, 20, 21, 22, 22, 23, 26, 29, 31, 35, 35, 36, 36, 41, 43, 50, 50, 51, 52, 52, 61, 62, 62, 62, 64, 67, 70, 72, 76, 83, 83, 84, 90, 90, 91, 96, 97, 97, 20, 34, 42, 98, 46, 49, 98, 42, 30, 89]`
**ステップ 40 (要素 20 を挿入後)**: `[13, 14, 19, 20, 20, 21, 22, 22, 23, 26, 29, 31, 35, 35, 36, 36, 41, 43, 50, 50, 51, 52, 52, 61, 62, 62, 62, 64, 67, 70, 72, 76, 83, 83, 84, 90, 90, 91, 96, 97, 97, 34, 42, 98, 46, 49, 98, 42, 30, 89]`
**ステップ 41 (要素 34 を挿入後)**: `[13, 14, 19, 20, 20, 21, 22, 22, 23, 26, 29, 31, 34, 35, 35, 36, 36, 41, 43, 50, 50, 51, 52, 52, 61, 62, 62, 62, 64, 67, 70, 72, 76, 83, 83, 84, 90, 90, 91, 96, 97, 97, 42, 98, 46, 49, 98, 42, 30, 89]`
**ステップ 42 (要素 42 を挿入後)**: `[13, 14, 19, 20, 20, 21, 22, 22, 23, 26, 29, 31, 34, 35, 35, 36, 36, 41, 42, 43, 50, 50, 51, 52, 52, 61, 62, 62, 62, 64, 67, 70, 72, 76, 83, 83, 84, 90, 90, 91, 96, 97, 97, 98, 46, 49, 98, 42, 30, 89]`
**ステップ 43 (要素 98 を挿入後)**: `[13, 14, 19, 20, 20, 21, 22, 22, 23, 26, 29, 31, 34, 35, 35, 36, 36, 41, 42, 43, 50, 50, 51, 52, 52, 61, 62, 62, 62, 64, 67, 70, 72, 76, 83, 83, 84, 90, 90, 91, 96, 97, 97, 98, 46, 49, 98, 42, 30, 89]`
**ステップ 44 (要素 46 を挿入後)**: `[13, 14, 19, 20, 20, 21, 22, 22, 23, 26, 29, 31, 34, 35, 35, 36, 36, 41, 42, 43, 46, 50, 50, 51, 52, 52, 61, 62, 62, 62, 64, 67, 70, 72, 76, 83, 83, 84, 90, 90, 91, 96, 97, 97, 98, 49, 98, 42, 30, 89]`
**ステップ 45 (要素 49 を挿入後)**: `[13, 14, 19, 20, 20, 21, 22, 22, 23, 26, 29, 31, 34, 35, 35, 36, 36, 41, 42, 43, 46, 49, 50, 50, 51, 52, 52, 61, 62, 62, 62, 64, 67, 70, 72, 76, 83, 83, 84, 90, 90, 91, 96, 97, 97, 98, 98, 42, 30, 89]`
**ステップ 46 (要素 98 を挿入後)**: `[13, 14, 19, 20, 20, 21, 22, 22, 23, 26, 29, 31, 34, 35, 35, 36, 36, 41, 42, 43, 46, 49, 50, 50, 51, 52, 52, 61, 62, 62, 62, 64, 67, 70, 72, 76, 83, 83, 84, 90, 90, 91, 96, 97, 97, 98, 98, 42, 30, 89]`
**ステップ 47 (要素 42 を挿入後)**: `[13, 14, 19, 20, 20, 21, 22, 22, 23, 26, 29, 31, 34, 35, 35, 36, 36, 41, 42, 42, 43, 46, 49, 50, 50, 51, 52, 52, 61, 62, 62, 62, 64, 67, 70, 72, 76, 83, 83, 84, 90, 90, 91, 96, 97, 97, 98, 98, 30, 89]`
**ステップ 48 (要素 30 を挿入後)**: `[13, 14, 19, 20, 20, 21, 22, 22, 23, 26, 29, 30, 31, 34, 35, 35, 36, 36, 41, 42, 42, 43, 46, 49, 50, 50, 51, 52, 52, 61, 62, 62, 62, 64, 67, 70, 72, 76, 83, 83, 84, 90, 90, 91, 96, 97, 97, 98, 98, 89]`
**ステップ 49 (要素 89 を挿入後)**: `[13, 14, 19, 20, 20, 21, 22, 22, 23, 26, 29, 30, 31, 34, 35, 35, 36, 36, 41, 42, 42, 43, 46, 49, 50, 50, 51, 52, 52, 61, 62, 62, 62, 64, 67, 70, 72, 76, 83, 83, 84, 89, 90, 90, 91, 96, 97, 97, 98, 98]`
分割統治法を用いた非常に高速なアルゴリズムです。配列の中から基準値（ピボット）を選び、ピボットより小さい要素と大きい要素に分割します。この操作を再帰的に繰り返すことで全体をソートします。
  C --> E{"要素数が1以下か"}
  D --> F{"要素数が1以下か"}
  E -->|"Yes"| G["ソート完了"]
クイックソートは、実務において最も頻繁に利用されるアルゴリズムの一つです。最悪計算量は $\text{O}(n^2)$ ですが、適切なピボット選択戦略（例えばMedian-of-Three）を用いることで、実質的には常に $\text{O}(n \log n)$ で動作します。Pythonの組み込みソート関数 `list.sort()` は、クイックソートではなく、マージソートと挿入ソートを組み合わせた **TimSort (ティムソート)** と呼ばれるアルゴリズムを採用しています。
クイックソートのパフォーマンスは、ピボットの選び方に大きく依存します。理想的には、常に配列の中央値（メジアン）をピボットとして選択できれば、配列は毎回正確に半分に分割され、再帰の深さは $\text{O}(\log n)$ となり、完璧な $\text{O}(n \log n)$ の計算量が保証されます。しかし、真の中央値を厳密に見つけ出すには追加の計算コストがかかるため、実用上は定数時間で選択できる近似手法が採用されます。
もし配列がすでにソートされている状態で、常に先頭の要素をピボットとして選択した場合、分割された配列の片方は要素数が0、もう片方は $n-1$ となり、再帰の深さが $n$ に達してしまいます。これにより、時間計算量は最悪の $\text{O}(n^2)$ となり、場合によってはスタックオーバーフローを引き起こす危険性もあります。
このような事態を防ぐため、ランダムにピボットを選択するランダム化クイックソートや、配列の先頭・中央・末尾の3つの要素の中央値をピボットとして採用する手法が一般的に用いられます。これにより、どのような入力データに対しても安定して高速なソート処理を実現できるようになります。
ジョン・フォン・ノイマンによって考案された、安定な外部ソートの代表格です。分割統治法に基づき、配列を細かく分割してから、それらをソートされた順序を保ちながら結合（マージ）していきます。
  A["將陣列從中央分為兩個"] --> B{"要素数が1以下か"}
  C --> D["隣り合う部分配列をマージ"]
マージソートの最大の特徴は、その **安定性** にあります。安定なソートとは、同じ値を持つ要素の相対的な順序がソート前後で変わらないことを意味します。この性質は、複数の異なる基準でデータを連続してソートする場合に極めて重要になります。
たとえば、生徒のデータを「テストの点数」でソートした後、「クラス名」でソートし直す場合を考えます。安定なソートアルゴリズムを使用すれば、同じクラスの生徒同士は「テストの点数」の順序が保たれたままになります。マージソートは、結合処理（マージ）において等しい要素の順序を厳密に管理するため、この安定性を完全に保証します。
また、マージソートはデータへのアクセスが逐次的であるため、配列をメモリ上にすべて展開できないような巨大なデータセット（外部メモリ）をソートする際にも極めて有効です。ディスクI/Oの回数を最小限に抑えつつ、効率的にソート処理を進めることができます。これにより、データベースシステムや巨大ファイルの整列処理において、マージソートは今なお最前線で活用され続けています。
さまざまなソートアルゴリズムを紹介してきましたが、実務において「唯一の正解」となるアルゴリズムは存在しません。データの性質や制約条件に応じて、適切なアルゴリズムを選択することが求められます。
- 一般的な用途で最高速を求める場合は **クイックソート** が最適です。
- メモリ制約が厳しく、インプレースで安定した性能を出したい場合は **ヒープソート** が適しています。
近代的なプログラミング言語（Python, Java, Rustなど）の標準ライブラリでは、これらのアルゴリズムの長所を組み合わせたハイブリッド手法（TimSortやIntroSortなど）が採用されており、開発者が自分でソートアルゴリズムをゼロから実装する機会は減っています。しかし、その内部でどのようなトレードオフが考慮されているかを理解することは、よりパフォーマンスの高い堅牢なソフトウェアを設計するための重要な基盤となります。
この記事が、あなたのアルゴリズム学習と実務開発の助けになることを願っています。
